ARIMA(1, 0, 2)x(2, 2, 2, 12)	2875.193804769013
ARIMA(2, 1, 2)x(1, 2, 2, 12)	2879.658124463105
ARIMA(0, 1, 2)x(2, 2, 2, 12)	2880.2491591904736
ARIMA(1, 1, 2)x(2, 2, 2, 12)	2881.0527786827993
ARIMA(2, 1, 2)x(0, 2, 2, 12)	2881.6540130873746
ARIMA(1, 0, 2)x(1, 2, 2, 12)	2882.275100996529
ARIMA(2, 0, 2)x(1, 2, 2, 12)	2882.3568822859374
ARIMA(1, 0, 2)x(0, 2, 2, 12)	2882.734508941813
ARIMA(1, 1, 2)x(1, 2, 2, 12)	2883.6018902417677
ARIMA(2, 1, 2)x(2, 2, 2, 12)	2884.801231304435
ARIMA(1, 0, 1)x(2, 2, 2, 12)	2885.551191845079
ARIMA(1, 1, 2)x(0, 2, 2, 12)	2886.0962809421417
ARIMA(0, 1, 2)x(1, 2, 2, 12)	2886.1276114300167
ARIMA(2, 0, 2)x(2, 2, 2, 12)	2886.524465693435
ARIMA(2, 0, 0)x(2, 2, 2, 12)	2887.001657313179
ARIMA(2, 0, 2)x(0, 2, 2, 12)	2887.206913343528
ARIMA(2, 1, 2)x(1, 1, 2, 12)	2887.956782738488
ARIMA(1, 0, 1)x(0, 2, 2, 12)	2888.025203179889
ARIMA(2, 2, 2)x(2, 2, 2, 12)	2889.031508915701
ARIMA(0, 1, 2)x(0, 2, 2, 12)	2889.1811554113433
ARIMA(2, 1, 1)x(0, 2, 2, 12)	2889.2134168887205
ARIMA(2, 1, 0)x(2, 2, 2, 12)	2889.285327325859
ARIMA(1, 0, 1)x(1, 2, 2, 12)	2889.433557819121
ARIMA(2, 2, 2)x(0, 2, 2, 12)	2889.7488850258446
ARIMA(2, 1, 1)x(1, 2, 2, 12)	2890.0933618772597
ARIMA(1, 1, 1)x(2, 2, 2, 12)	2890.186626580246
ARIMA(2, 1, 2)x(0, 1, 2, 12)	2890.525342140958
ARIMA(2, 0, 1)x(0, 2, 2, 12)	2891.0685873414286
ARIMA(2, 2, 2)x(1, 2, 2, 12)	2891.6900252346127
ARIMA(1, 2, 2)x(1, 2, 2, 12)	2891.746719809258
ARIMA(0, 2, 2)x(1, 2, 2, 12)	2891.9158263820545
ARIMA(2, 1, 1)x(2, 2, 2, 12)	2892.101404744311
ARIMA(1, 0, 2)x(1, 1, 2, 12)	2892.909281037298
ARIMA(0, 1, 2)x(1, 1, 2, 12)	2893.0465009252557
ARIMA(2, 0, 1)x(1, 2, 2, 12)	2893.400980264164
ARIMA(0, 1, 1)x(2, 2, 2, 12)	2894.5575942494606
ARIMA(0, 1, 2)x(2, 1, 2, 12)	2894.7724195208643
ARIMA(1, 0, 2)x(2, 1, 2, 12)	2894.90328037179
ARIMA(0, 1, 2)x(0, 1, 2, 12)	2895.216442181732
ARIMA(1, 0, 2)x(0, 1, 2, 12)	2895.5157529931175
ARIMA(0, 2, 2)x(2, 2, 2, 12)	2895.7681810108556
ARIMA(0, 2, 2)x(0, 2, 2, 12)	2896.101284484435
ARIMA(2, 0, 0)x(0, 2, 2, 12)	2896.107108475746
ARIMA(2, 2, 1)x(1, 2, 2, 12)	2896.3138184490954
ARIMA(0, 1, 1)x(1, 2, 2, 12)	2896.317664122782
ARIMA(1, 2, 2)x(2, 2, 2, 12)	2896.4732541481
ARIMA(1, 2, 2)x(1, 1, 2, 12)	2896.6705599253437
ARIMA(1, 1, 2)x(1, 1, 2, 12)	2896.8077043202475
ARIMA(2, 0, 1)x(2, 2, 2, 12)	2897.077462845257
ARIMA(2, 0, 1)x(1, 1, 2, 12)	2897.2006511097306
ARIMA(1, 1, 2)x(0, 1, 2, 12)	2897.204480538977
ARIMA(0, 2, 1)x(1, 2, 2, 12)	2897.2261812461493
ARIMA(2, 0, 0)x(1, 2, 2, 12)	2897.654950056391
ARIMA(1, 0, 0)x(0, 2, 2, 12)	2897.7067547783536
ARIMA(0, 1, 1)x(0, 2, 2, 12)	2897.7910322862426
ARIMA(0, 2, 1)x(2, 2, 2, 12)	2898.5759499937813
ARIMA(1, 1, 2)x(2, 1, 2, 12)	2898.630541911199
ARIMA(2, 2, 2)x(1, 1, 2, 12)	2898.665929122957
ARIMA(1, 0, 0)x(1, 2, 2, 12)	2899.1097161284392
ARIMA(1, 2, 1)x(1, 2, 2, 12)	2899.1816994318756
ARIMA(2, 0, 1)x(2, 1, 2, 12)	2899.2068394903367
ARIMA(1, 1, 1)x(0, 2, 2, 12)	2899.5667466938557
ARIMA(1, 1, 1)x(1, 2, 2, 12)	2899.75297709745
ARIMA(2, 1, 0)x(1, 2, 2, 12)	2900.043859903947
ARIMA(1, 0, 0)x(2, 2, 2, 12)	2900.065236665778
ARIMA(1, 2, 2)x(2, 1, 2, 12)	2900.3175865988965
ARIMA(2, 2, 1)x(0, 2, 2, 12)	2900.3901615340365
ARIMA(1, 2, 1)x(2, 2, 2, 12)	2900.5736593494917
ARIMA(1, 2, 2)x(0, 1, 2, 12)	2900.597936868402
ARIMA(2, 2, 1)x(2, 2, 2, 12)	2900.678841256278
ARIMA(2, 0, 1)x(0, 1, 2, 12)	2900.741819605953
ARIMA(1, 0, 1)x(1, 1, 2, 12)	2900.7596904283255
ARIMA(0, 1, 0)x(2, 2, 2, 12)	2901.0484135983693
ARIMA(2, 1, 0)x(0, 2, 2, 12)	2901.1179506460685
ARIMA(0, 2, 1)x(0, 2, 2, 12)	2902.1018248036667
ARIMA(2, 1, 2)x(2, 1, 2, 12)	2902.108288463211
ARIMA(2, 2, 2)x(0, 1, 2, 12)	2902.1177207175106
ARIMA(0, 1, 0)x(1, 2, 2, 12)	2902.360054095888
ARIMA(0, 2, 2)x(1, 1, 2, 12)	2902.3827056472082
ARIMA(1, 0, 1)x(2, 1, 2, 12)	2902.7498452318055
ARIMA(2, 2, 2)x(2, 1, 2, 12)	2902.8406060993266
ARIMA(1, 1, 0)x(2, 2, 2, 12)	2902.930049514986
ARIMA(2, 1, 1)x(2, 1, 2, 12)	2903.349540526052
ARIMA(1, 2, 1)x(0, 2, 2, 12)	2903.384684676923
ARIMA(2, 2, 1)x(1, 1, 2, 12)	2903.5971284066236
ARIMA(1, 1, 1)x(1, 1, 2, 12)	2903.6063841052064
ARIMA(2, 0, 0)x(2, 1, 2, 12)	2903.7204866968777
ARIMA(2, 0, 2)x(0, 1, 2, 12)	2903.8504413679116
ARIMA(1, 1, 0)x(1, 2, 2, 12)	2904.309527083458
ARIMA(2, 0, 1)x(2, 1, 1, 12)	2904.3549997909186
ARIMA(0, 2, 2)x(2, 1, 2, 12)	2904.3808618815037
ARIMA(0, 1, 0)x(0, 2, 2, 12)	2904.5379355543173
ARIMA(1, 0, 1)x(0, 1, 2, 12)	2904.6590396032543
ARIMA(2, 1, 0)x(2, 1, 2, 12)	2904.9474810638085
ARIMA(2, 2, 1)x(2, 1, 2, 12)	2905.5618141492037
ARIMA(1, 1, 1)x(2, 1, 2, 12)	2905.5977047919732
ARIMA(1, 1, 1)x(0, 1, 2, 12)	2906.004064344441
ARIMA(1, 1, 0)x(0, 2, 2, 12)	2906.3216217927347
ARIMA(0, 2, 1)x(1, 1, 2, 12)	2906.327791722366
ARIMA(0, 2, 2)x(0, 1, 2, 12)	2906.7575504867236
ARIMA(2, 1, 1)x(1, 1, 2, 12)	2906.979194650546
ARIMA(2, 1, 1)x(0, 1, 2, 12)	2907.705694344852
ARIMA(1, 2, 1)x(1, 1, 2, 12)	2908.1903716585784
ARIMA(0, 2, 1)x(2, 1, 2, 12)	2908.3264410048305
ARIMA(0, 1, 1)x(1, 1, 2, 12)	2908.3601971041603
ARIMA(2, 0, 0)x(2, 1, 1, 12)	2908.8109721208966
ARIMA(2, 1, 0)x(2, 1, 1, 12)	2909.280475892717
ARIMA(1, 0, 0)x(1, 1, 2, 12)	2909.377564103623
ARIMA(2, 1, 0)x(1, 1, 2, 12)	2909.5437827578685
ARIMA(2, 2, 1)x(0, 1, 2, 12)	2909.818310534252
ARIMA(0, 1, 1)x(2, 1, 2, 12)	2910.301417190044
ARIMA(2, 0, 0)x(1, 1, 2, 12)	2910.400754497266
ARIMA(2, 1, 2)x(2, 1, 1, 12)	2910.763841399653
ARIMA(2, 1, 1)x(2, 1, 1, 12)	2910.8131092798853
ARIMA(1, 0, 0)x(2, 1, 2, 12)	2911.3687664215327
ARIMA(1, 2, 1)x(2, 1, 2, 12)	2911.482635221886
ARIMA(0, 1, 1)x(0, 1, 2, 12)	2911.511991667563
ARIMA(0, 2, 1)x(0, 1, 2, 12)	2912.605986836241
ARIMA(0, 1, 0)x(1, 1, 2, 12)	2912.758905066584
ARIMA(2, 2, 1)x(2, 1, 1, 12)	2912.8437089351137
ARIMA(2, 2, 2)x(2, 1, 1, 12)	2913.3866453064657
ARIMA(1, 2, 1)x(0, 1, 2, 12)	2914.0231498719104
ARIMA(1, 1, 0)x(1, 1, 2, 12)	2914.598255460896
ARIMA(0, 1, 0)x(2, 1, 2, 12)	2914.7021916823123
ARIMA(2, 1, 0)x(0, 1, 2, 12)	2915.280407316288
ARIMA(2, 0, 0)x(0, 1, 2, 12)	2915.37279477026
ARIMA(1, 0, 0)x(0, 1, 2, 12)	2915.9681123655046
ARIMA(1, 1, 0)x(2, 1, 2, 12)	2916.5200749060928
ARIMA(1, 0, 2)x(2, 1, 1, 12)	2916.6656400320735
ARIMA(1, 1, 1)x(2, 1, 1, 12)	2917.0673470149322
ARIMA(0, 1, 0)x(0, 1, 2, 12)	2917.2477602472327
ARIMA(1, 0, 1)x(2, 1, 1, 12)	2917.6214236907126
ARIMA(1, 1, 0)x(0, 1, 2, 12)	2918.46295476474
ARIMA(1, 1, 2)x(2, 1, 1, 12)	2918.8285214239463
ARIMA(1, 0, 0)x(2, 1, 1, 12)	2919.985859323565
ARIMA(2, 0, 1)x(2, 2, 1, 12)	2921.7787099677403
ARIMA(1, 1, 0)x(2, 1, 1, 12)	2921.826179436622
ARIMA(2, 0, 0)x(2, 2, 1, 12)	2922.806117515356
ARIMA(2, 1, 2)x(2, 2, 1, 12)	2923.190626323908
ARIMA(1, 2, 1)x(2, 1, 1, 12)	2924.4231479331147
ARIMA(0, 1, 2)x(2, 1, 1, 12)	2925.8050076316663
ARIMA(1, 2, 2)x(2, 1, 1, 12)	2926.766972901588
ARIMA(2, 0, 2)x(2, 2, 1, 12)	2926.9044107810714
ARIMA(1, 0, 2)x(2, 2, 1, 12)	2928.4630753091237
ARIMA(1, 0, 1)x(2, 2, 1, 12)	2928.707214714118
ARIMA(0, 2, 1)x(2, 1, 1, 12)	2930.563838670754
ARIMA(0, 2, 2)x(2, 1, 1, 12)	2930.8343564767465
ARIMA(0, 1, 0)x(2, 1, 1, 12)	2931.246408838747
ARIMA(0, 1, 1)x(2, 1, 1, 12)	2931.465103714709
ARIMA(2, 1, 0)x(2, 2, 1, 12)	2934.0130490532347
ARIMA(1, 0, 0)x(2, 2, 1, 12)	2934.421215361451
ARIMA(2, 0, 2)x(2, 1, 1, 12)	2934.4530479066016
ARIMA(2, 1, 1)x(2, 2, 1, 12)	2935.4026002277833
ARIMA(2, 0, 2)x(1, 1, 2, 12)	2935.8045678750454
ARIMA(2, 2, 1)x(2, 2, 1, 12)	2940.2127150987762
ARIMA(2, 0, 2)x(2, 1, 2, 12)	2940.2222495962314
ARIMA(2, 2, 2)x(2, 2, 1, 12)	2941.6370575043334
ARIMA(1, 1, 2)x(2, 2, 1, 12)	2944.871388403858
ARIMA(1, 1, 1)x(2, 2, 1, 12)	2946.2105037002666
ARIMA(1, 2, 2)x(0, 2, 2, 12)	2946.4498701504253
ARIMA(1, 1, 0)x(2, 2, 1, 12)	2948.3507559416958
ARIMA(1, 2, 2)x(2, 2, 1, 12)	2950.2588299593244
ARIMA(0, 1, 2)x(2, 2, 1, 12)	2950.9871495787343
ARIMA(1, 2, 1)x(2, 2, 1, 12)	2952.249459285841
ARIMA(2, 0, 1)x(2, 1, 0, 12)	2953.6898723997583
ARIMA(0, 1, 1)x(2, 2, 1, 12)	2954.202131198228
ARIMA(2, 0, 0)x(2, 1, 0, 12)	2954.212386128512
ARIMA(2, 0, 2)x(2, 1, 0, 12)	2954.709884651537
ARIMA(0, 1, 0)x(2, 2, 1, 12)	2956.849219601736
ARIMA(0, 2, 2)x(2, 2, 1, 12)	2960.066840254068
ARIMA(1, 0, 1)x(2, 1, 0, 12)	2960.1735272344104
ARIMA(1, 0, 2)x(2, 1, 0, 12)	2961.1306709700602
ARIMA(0, 2, 1)x(2, 2, 1, 12)	2962.9033249093045
ARIMA(2, 1, 0)x(2, 1, 0, 12)	2966.6295741165695
ARIMA(2, 1, 1)x(2, 1, 0, 12)	2968.070402331931
ARIMA(1, 0, 0)x(2, 1, 0, 12)	2968.337347831216
ARIMA(2, 2, 1)x(2, 1, 0, 12)	2970.630188918864
ARIMA(2, 1, 2)x(2, 1, 0, 12)	2971.6570186612407
ARIMA(2, 1, 2)x(1, 0, 2, 12)	2971.808187785596
ARIMA(2, 2, 2)x(2, 1, 0, 12)	2972.1783300636034
ARIMA(1, 1, 2)x(2, 1, 0, 12)	2974.504465945011
ARIMA(1, 1, 2)x(1, 0, 2, 12)	2974.7796979097434
ARIMA(1, 1, 1)x(2, 1, 0, 12)	2975.9180986857527
ARIMA(1, 1, 2)x(2, 0, 2, 12)	2977.822187180827
ARIMA(1, 1, 0)x(2, 1, 0, 12)	2978.1120696059133
ARIMA(0, 1, 2)x(2, 0, 2, 12)	2978.7951495520424
ARIMA(2, 1, 2)x(2, 0, 2, 12)	2978.8243186038135
ARIMA(2, 1, 2)x(2, 0, 1, 12)	2978.8708364963973
ARIMA(1, 0, 2)x(2, 0, 2, 12)	2978.967473843339
ARIMA(1, 2, 2)x(2, 1, 0, 12)	2979.7408634088233
ARIMA(1, 2, 1)x(2, 1, 0, 12)	2981.925684389107
ARIMA(1, 0, 2)x(1, 0, 2, 12)	2982.700660498252
ARIMA(0, 1, 2)x(1, 0, 2, 12)	2982.9640703892796
ARIMA(0, 1, 2)x(2, 1, 0, 12)	2983.0394890741018
ARIMA(2, 1, 1)x(2, 0, 2, 12)	2983.0742611643345
ARIMA(2, 1, 1)x(2, 0, 1, 12)	2983.7945328109763
ARIMA(1, 2, 2)x(1, 0, 2, 12)	2983.896625300885
ARIMA(1, 2, 2)x(2, 0, 2, 12)	2985.5005899911184
ARIMA(2, 2, 2)x(1, 0, 2, 12)	2985.854252987837
ARIMA(1, 1, 1)x(1, 0, 2, 12)	2985.8615211827923
ARIMA(0, 1, 1)x(2, 1, 0, 12)	2986.45545715238
ARIMA(1, 1, 1)x(2, 0, 2, 12)	2987.3006887831234
ARIMA(2, 2, 2)x(2, 0, 2, 12)	2987.357408299619
ARIMA(2, 1, 1)x(1, 0, 2, 12)	2987.8608614030372
ARIMA(0, 2, 2)x(2, 1, 0, 12)	2987.9168117646473
ARIMA(2, 1, 0)x(2, 0, 2, 12)	2988.039773935632
ARIMA(2, 0, 1)x(1, 0, 2, 12)	2988.5935068361773
ARIMA(2, 0, 1)x(2, 0, 2, 12)	2988.906202749638
ARIMA(0, 1, 0)x(2, 1, 0, 12)	2989.1583354824606
ARIMA(0, 2, 2)x(2, 0, 2, 12)	2989.287934770674
ARIMA(2, 0, 1)x(2, 0, 1, 12)	2989.372035487143
ARIMA(0, 2, 2)x(1, 0, 2, 12)	2989.9427549222905
ARIMA(2, 0, 2)x(2, 0, 2, 12)	2990.052880914486
ARIMA(1, 1, 1)x(2, 0, 1, 12)	2990.2849507062338
ARIMA(1, 0, 1)x(2, 0, 2, 12)	2990.691433537645
ARIMA(0, 2, 1)x(2, 1, 0, 12)	2990.8251853551446
ARIMA(1, 1, 2)x(2, 0, 1, 12)	2990.8467299394224
ARIMA(2, 1, 0)x(2, 0, 1, 12)	2991.494357338497
ARIMA(2, 0, 0)x(2, 0, 2, 12)	2991.7135640390698
ARIMA(2, 2, 1)x(2, 0, 2, 12)	2992.0162273725487
ARIMA(2, 0, 2)x(1, 0, 2, 12)	2992.1265495082307
ARIMA(2, 2, 2)x(2, 0, 1, 12)	2992.815944624988
ARIMA(0, 1, 1)x(2, 0, 2, 12)	2992.898148691104
ARIMA(0, 1, 1)x(1, 0, 2, 12)	2993.0742909600776
ARIMA(1, 1, 2)x(0, 0, 2, 12)	2993.704091633671
ARIMA(1, 0, 1)x(1, 0, 2, 12)	2994.6807894255458
ARIMA(1, 0, 2)x(0, 1, 1, 12)	2995.2715769415663
ARIMA(2, 1, 2)x(0, 0, 2, 12)	2995.653544249907
ARIMA(2, 0, 2)x(0, 1, 1, 12)	2996.2246605538594
ARIMA(2, 0, 0)x(2, 0, 1, 12)	2996.600273006231
ARIMA(2, 2, 1)x(1, 0, 2, 12)	2996.9849427726413
ARIMA(1, 2, 1)x(2, 0, 2, 12)	2997.1832061422238
ARIMA(1, 0, 2)x(1, 1, 1, 12)	2997.2612671304205
ARIMA(2, 2, 1)x(2, 0, 1, 12)	2997.4432796050496
ARIMA(2, 1, 1)x(2, 0, 0, 12)	2997.973393653545
ARIMA(0, 2, 1)x(2, 0, 2, 12)	2997.9843498553714
ARIMA(1, 1, 2)x(0, 1, 1, 12)	2998.170503432788
ARIMA(2, 1, 2)x(2, 0, 0, 12)	2998.4666461341267
ARIMA(1, 1, 2)x(1, 1, 1, 12)	2998.670780185553
ARIMA(0, 2, 1)x(1, 0, 2, 12)	2999.367851193024
ARIMA(0, 1, 2)x(0, 1, 1, 12)	2999.511773100937
ARIMA(1, 2, 1)x(1, 0, 2, 12)	2999.675846395048
ARIMA(0, 1, 0)x(2, 0, 2, 12)	2999.704922953387
ARIMA(2, 2, 2)x(0, 1, 1, 12)	2999.820500804805
ARIMA(1, 0, 0)x(2, 0, 2, 12)	3000.095336679167
ARIMA(1, 1, 0)x(2, 0, 2, 12)	3000.383363868542
ARIMA(2, 1, 0)x(1, 0, 2, 12)	3000.421409839193
ARIMA(1, 2, 2)x(2, 0, 1, 12)	3000.4420749158617
ARIMA(2, 2, 2)x(1, 1, 1, 12)	3000.6692098283206
ARIMA(1, 0, 2)x(2, 0, 1, 12)	3000.7135912733584
ARIMA(0, 1, 2)x(1, 1, 1, 12)	3000.7643655992883
ARIMA(2, 0, 2)x(1, 1, 1, 12)	3001.0035397311785
ARIMA(0, 1, 0)x(1, 0, 2, 12)	3002.047640637152
ARIMA(1, 0, 1)x(2, 0, 1, 12)	3002.3602576092167
ARIMA(2, 0, 0)x(1, 0, 2, 12)	3002.375637294599
ARIMA(1, 0, 1)x(0, 1, 1, 12)	3002.4717717229455
ARIMA(1, 1, 0)x(1, 0, 2, 12)	3002.706046744686
ARIMA(1, 0, 0)x(1, 0, 2, 12)	3002.7851545147755
ARIMA(2, 1, 1)x(0, 0, 2, 12)	3003.591978971913
ARIMA(1, 1, 0)x(2, 0, 1, 12)	3003.984212986453
ARIMA(0, 1, 2)x(0, 0, 2, 12)	3004.0325473476673
ARIMA(2, 1, 2)x(0, 1, 1, 12)	3004.2007036931163
ARIMA(2, 0, 1)x(0, 1, 1, 12)	3004.2768996466793
ARIMA(1, 0, 0)x(2, 0, 1, 12)	3004.3316663655123
ARIMA(1, 0, 1)x(1, 1, 1, 12)	3004.4631559352356
ARIMA(2, 0, 2)x(0, 0, 2, 12)	3004.5214905467637
ARIMA(2, 1, 1)x(1, 1, 1, 12)	3005.2337756584193
ARIMA(2, 0, 0)x(1, 1, 1, 12)	3005.267951478939
ARIMA(0, 2, 2)x(0, 1, 1, 12)	3005.4426269035475
ARIMA(2, 1, 0)x(2, 0, 0, 12)	3005.5118972904997
ARIMA(2, 1, 1)x(0, 1, 1, 12)	3005.6497606433513
ARIMA(0, 2, 2)x(0, 0, 2, 12)	3005.998373733463
ARIMA(2, 1, 2)x(1, 1, 1, 12)	3006.181545912945
ARIMA(2, 0, 1)x(1, 1, 1, 12)	3006.2699310046037
ARIMA(2, 2, 1)x(2, 0, 0, 12)	3006.459943039867
ARIMA(1, 2, 2)x(0, 0, 2, 12)	3006.8581353268096
ARIMA(0, 1, 2)x(2, 0, 1, 12)	3006.89136384803
ARIMA(2, 1, 0)x(1, 1, 1, 12)	3006.901716599871
ARIMA(2, 0, 2)x(2, 0, 1, 12)	3007.1388975888667
ARIMA(0, 2, 2)x(1, 1, 1, 12)	3007.1660946286165
ARIMA(2, 0, 2)x(2, 0, 0, 12)	3008.1503003539156
ARIMA(1, 2, 2)x(1, 1, 1, 12)	3008.2846234024346
ARIMA(2, 2, 1)x(0, 1, 1, 12)	3008.937895684956
ARIMA(1, 2, 1)x(2, 0, 1, 12)	3009.2919417157777
ARIMA(0, 1, 1)x(2, 0, 1, 12)	3009.3293973680843
ARIMA(2, 2, 2)x(0, 0, 2, 12)	3009.6971640876877
ARIMA(1, 2, 2)x(0, 1, 1, 12)	3009.763382795132
ARIMA(2, 2, 1)x(1, 1, 1, 12)	3009.9964515366764
ARIMA(1, 1, 2)x(2, 0, 0, 12)	3010.0551888875116
ARIMA(0, 1, 0)x(2, 0, 1, 12)	3010.197980907105
ARIMA(2, 0, 0)x(0, 1, 1, 12)	3010.264058566292
ARIMA(0, 1, 1)x(0, 1, 1, 12)	3010.759679969023
ARIMA(2, 2, 2)x(2, 0, 0, 12)	3010.9879078116182
ARIMA(1, 1, 1)x(0, 1, 1, 12)	3011.792835814801
ARIMA(2, 0, 1)x(2, 0, 0, 12)	3012.062514477585
ARIMA(0, 1, 1)x(1, 1, 1, 12)	3012.1328918183754
ARIMA(1, 0, 2)x(0, 0, 2, 12)	3012.3341835794304
ARIMA(2, 0, 0)x(2, 0, 0, 12)	3012.4841096731952
ARIMA(2, 2, 1)x(0, 0, 2, 12)	3013.080270356064
ARIMA(0, 2, 1)x(0, 1, 1, 12)	3013.1616407504066
ARIMA(1, 2, 1)x(0, 1, 1, 12)	3013.491768988054
ARIMA(0, 2, 1)x(1, 1, 1, 12)	3013.561265810668
ARIMA(1, 0, 0)x(0, 1, 1, 12)	3013.6540473221867
ARIMA(1, 1, 1)x(1, 1, 1, 12)	3013.692310011176
ARIMA(1, 1, 1)x(2, 0, 0, 12)	3014.0168728838275
ARIMA(0, 1, 1)x(0, 0, 2, 12)	3014.160895620654
ARIMA(0, 2, 2)x(2, 0, 1, 12)	3014.444644459931
ARIMA(1, 1, 1)x(0, 0, 2, 12)	3014.72506641272
ARIMA(1, 1, 0)x(2, 0, 0, 12)	3014.824105819816
ARIMA(2, 1, 0)x(0, 1, 1, 12)	3015.0271030833956
ARIMA(1, 2, 1)x(0, 0, 2, 12)	3015.2322560930083
ARIMA(1, 2, 2)x(2, 0, 0, 12)	3015.326395620531
ARIMA(1, 2, 1)x(1, 1, 1, 12)	3015.3372191224526
ARIMA(1, 0, 0)x(1, 1, 1, 12)	3015.6169214114434
ARIMA(0, 2, 1)x(2, 0, 1, 12)	3016.676872965845
ARIMA(1, 2, 1)x(2, 0, 0, 12)	3016.964877468869
ARIMA(0, 1, 0)x(0, 1, 1, 12)	3017.0962785391553
ARIMA(0, 1, 0)x(1, 1, 1, 12)	3017.794118455972
ARIMA(0, 2, 1)x(0, 0, 2, 12)	3017.9438841178317
ARIMA(1, 1, 0)x(0, 1, 1, 12)	3018.0565679986134
ARIMA(1, 0, 2)x(2, 0, 0, 12)	3018.0651804343497
ARIMA(1, 0, 1)x(0, 0, 2, 12)	3019.421141114613
ARIMA(0, 1, 2)x(2, 0, 0, 12)	3019.444926044639
ARIMA(1, 0, 1)x(2, 0, 0, 12)	3019.5096268181605
ARIMA(1, 1, 0)x(1, 1, 1, 12)	3019.6959911673275
ARIMA(2, 1, 0)x(0, 0, 2, 12)	3020.311102460364
ARIMA(2, 0, 1)x(0, 0, 2, 12)	3020.32944022505
ARIMA(0, 1, 1)x(2, 0, 0, 12)	3021.4061872676316
ARIMA(1, 1, 0)x(0, 0, 2, 12)	3022.5158900814467
ARIMA(1, 0, 0)x(2, 0, 0, 12)	3022.8377384583273
ARIMA(0, 2, 2)x(2, 0, 0, 12)	3023.1233270031016
ARIMA(0, 1, 0)x(2, 0, 0, 12)	3024.26965002244
ARIMA(0, 1, 0)x(0, 0, 2, 12)	3024.5844206219094
ARIMA(0, 2, 1)x(2, 0, 0, 12)	3026.2000715123777
ARIMA(2, 0, 0)x(0, 0, 2, 12)	3028.715691064665
ARIMA(2, 2, 0)x(2, 2, 2, 12)	3029.1665995729645
ARIMA(1, 0, 0)x(0, 0, 2, 12)	3031.718446503726
ARIMA(2, 2, 0)x(1, 2, 2, 12)	3035.6838726648075
ARIMA(2, 2, 0)x(0, 2, 2, 12)	3037.839312490776
ARIMA(2, 2, 0)x(2, 1, 2, 12)	3041.0151649094805
ARIMA(2, 2, 0)x(2, 1, 1, 12)	3042.6181761121684
ARIMA(2, 2, 0)x(1, 1, 2, 12)	3046.4117377285274
ARIMA(2, 2, 0)x(0, 1, 2, 12)	3049.9419925795555
ARIMA(2, 2, 0)x(2, 2, 1, 12)	3055.2357591943687
ARIMA(1, 0, 2)x(1, 2, 1, 12)	3058.9993242176424
ARIMA(2, 0, 2)x(1, 2, 1, 12)	3060.850544583156
ARIMA(2, 1, 2)x(1, 2, 1, 12)	3062.220030683862
ARIMA(0, 1, 2)x(1, 2, 1, 12)	3063.5752842597904
ARIMA(1, 1, 2)x(1, 2, 1, 12)	3065.530969299499
ARIMA(1, 0, 1)x(1, 2, 1, 12)	3066.562518588962
ARIMA(2, 0, 1)x(1, 2, 1, 12)	3066.8027371324474
ARIMA(2, 0, 0)x(1, 2, 1, 12)	3067.6329353914307
ARIMA(0, 0, 2)x(2, 2, 2, 12)	3068.552112534947
ARIMA(2, 1, 1)x(1, 2, 1, 12)	3074.2498520170875
ARIMA(1, 1, 2)x(1, 0, 1, 12)	3074.390650286289
ARIMA(1, 1, 1)x(1, 2, 1, 12)	3074.8781092322006
ARIMA(2, 1, 0)x(1, 2, 1, 12)	3075.567154514065
ARIMA(0, 0, 2)x(1, 2, 2, 12)	3077.979352716239
ARIMA(0, 1, 1)x(1, 2, 1, 12)	3078.304717105948
ARIMA(1, 2, 0)x(2, 2, 2, 12)	3078.994927480529
ARIMA(1, 2, 2)x(1, 2, 1, 12)	3079.545003675151
ARIMA(2, 2, 2)x(1, 2, 1, 12)	3080.041729292075
ARIMA(0, 2, 2)x(1, 2, 1, 12)	3080.670823869874
ARIMA(1, 2, 0)x(1, 2, 2, 12)	3083.1293324567628
ARIMA(1, 0, 0)x(1, 2, 1, 12)	3083.9992970232975
ARIMA(1, 2, 0)x(0, 2, 2, 12)	3084.604908858938
ARIMA(2, 1, 2)x(1, 0, 1, 12)	3085.0234806012113
ARIMA(2, 2, 1)x(1, 2, 1, 12)	3085.4885698504995
ARIMA(1, 1, 0)x(1, 2, 1, 12)	3086.7403060629067
ARIMA(0, 1, 0)x(1, 2, 1, 12)	3087.4722405814937
ARIMA(0, 1, 2)x(1, 0, 1, 12)	3087.5833763562637
ARIMA(0, 2, 2)x(1, 0, 1, 12)	3088.4030300587647
ARIMA(1, 2, 1)x(1, 2, 1, 12)	3088.843548646693
ARIMA(0, 2, 1)x(1, 2, 1, 12)	3089.722577284207
ARIMA(1, 2, 2)x(1, 0, 1, 12)	3090.0811408981294
ARIMA(1, 1, 2)x(0, 0, 1, 12)	3091.1166363262237
ARIMA(1, 0, 2)x(1, 0, 1, 12)	3091.592547147246
ARIMA(2, 1, 1)x(1, 0, 1, 12)	3091.665026425913
ARIMA(2, 2, 2)x(1, 0, 1, 12)	3091.7925795289093
ARIMA(0, 0, 2)x(0, 2, 2, 12)	3092.6732061975176
ARIMA(2, 1, 2)x(0, 0, 1, 12)	3092.7733248312006
ARIMA(2, 2, 0)x(2, 1, 0, 12)	3093.6537219753045
ARIMA(2, 0, 2)x(1, 1, 0, 12)	3094.1982812214555
ARIMA(2, 0, 1)x(2, 2, 0, 12)	3094.5421285825328
ARIMA(1, 2, 0)x(1, 1, 2, 12)	3095.5799974472006
ARIMA(1, 0, 1)x(1, 0, 1, 12)	3097.272865075408
ARIMA(1, 2, 0)x(2, 1, 2, 12)	3097.5786512135246
ARIMA(2, 0, 0)x(1, 0, 1, 12)	3097.993224937065
ARIMA(1, 2, 1)x(1, 0, 1, 12)	3098.0537049258674
ARIMA(2, 0, 1)x(1, 0, 1, 12)	3098.1397504459765
ARIMA(0, 2, 1)x(1, 0, 1, 12)	3098.6380020661277
ARIMA(2, 2, 1)x(1, 0, 1, 12)	3098.6892541389816
ARIMA(1, 2, 0)x(0, 1, 2, 12)	3098.944573635298
ARIMA(0, 1, 1)x(1, 0, 1, 12)	3100.132429029441
ARIMA(2, 1, 0)x(1, 0, 1, 12)	3100.3442998635464
ARIMA(1, 2, 2)x(0, 0, 1, 12)	3100.8284133010648
ARIMA(1, 1, 1)x(1, 0, 1, 12)	3101.231860032778
ARIMA(2, 1, 2)x(1, 0, 0, 12)	3101.694522814421
ARIMA(2, 0, 1)x(1, 1, 0, 12)	3101.892690128513
ARIMA(2, 1, 1)x(0, 0, 1, 12)	3101.979073606639
ARIMA(2, 1, 1)x(1, 0, 0, 12)	3102.0425939715283
ARIMA(2, 2, 2)x(0, 0, 1, 12)	3102.620357159186
ARIMA(2, 0, 0)x(1, 1, 0, 12)	3102.6648647909733
ARIMA(0, 1, 2)x(0, 0, 1, 12)	3103.469986713124
ARIMA(1, 2, 0)x(2, 1, 1, 12)	3103.585006103496
ARIMA(2, 0, 2)x(1, 0, 1, 12)	3103.7212863288246
ARIMA(0, 2, 2)x(0, 0, 1, 12)	3103.790146511928
ARIMA(2, 2, 2)x(1, 0, 0, 12)	3104.7572525531054
ARIMA(2, 1, 2)x(1, 1, 0, 12)	3104.7934966716593
ARIMA(2, 0, 2)x(0, 0, 1, 12)	3105.7666287010898
ARIMA(1, 0, 0)x(1, 0, 1, 12)	3106.495510839304
ARIMA(2, 2, 1)x(1, 0, 0, 12)	3106.799337616307
ARIMA(1, 1, 1)x(0, 0, 1, 12)	3108.0816685119275
ARIMA(1, 1, 2)x(1, 0, 0, 12)	3109.1351386419396
ARIMA(0, 1, 0)x(1, 0, 1, 12)	3109.2602239116745
ARIMA(1, 1, 0)x(1, 0, 1, 12)	3109.4478693585324
ARIMA(2, 1, 1)x(2, 2, 0, 12)	3109.546074257123
ARIMA(2, 2, 1)x(0, 0, 1, 12)	3110.5022425002353
ARIMA(2, 0, 0)x(2, 2, 0, 12)	3110.5383288974836
ARIMA(1, 0, 1)x(1, 1, 0, 12)	3110.633549518385
ARIMA(2, 1, 0)x(1, 0, 0, 12)	3110.8866609302922
ARIMA(1, 2, 1)x(0, 0, 1, 12)	3110.9290827964323
ARIMA(1, 0, 2)x(1, 1, 0, 12)	3111.1048997765743
ARIMA(2, 0, 2)x(1, 0, 0, 12)	3111.7304835246023
ARIMA(0, 2, 1)x(0, 0, 1, 12)	3111.861858004321
ARIMA(2, 0, 1)x(1, 0, 0, 12)	3111.9906080748506
ARIMA(2, 1, 2)x(2, 2, 0, 12)	3112.0995994407235
ARIMA(2, 0, 2)x(2, 2, 0, 12)	3112.104631799123
ARIMA(1, 1, 1)x(1, 0, 0, 12)	3112.6276439800095
ARIMA(2, 2, 2)x(1, 1, 0, 12)	3112.982664059281
ARIMA(1, 0, 2)x(0, 0, 1, 12)	3113.2639474186344
ARIMA(1, 2, 2)x(1, 0, 0, 12)	3113.416921692908
ARIMA(2, 1, 0)x(1, 1, 0, 12)	3113.4369688067563
ARIMA(0, 0, 2)x(1, 1, 2, 12)	3113.5787839852765
ARIMA(0, 1, 1)x(0, 0, 1, 12)	3113.966946937271
ARIMA(1, 2, 0)x(2, 2, 1, 12)	3115.1148818506977
ARIMA(2, 1, 1)x(1, 1, 0, 12)	3115.3338210417905
ARIMA(0, 0, 2)x(2, 1, 2, 12)	3115.52542950469
ARIMA(2, 2, 1)x(1, 1, 0, 12)	3116.047387289309
ARIMA(1, 0, 0)x(1, 1, 0, 12)	3116.3688022280508
ARIMA(2, 0, 1)x(0, 0, 1, 12)	3116.7116060581507
ARIMA(1, 0, 1)x(2, 2, 0, 12)	3117.843358886219
ARIMA(1, 2, 2)x(2, 2, 0, 12)	3118.5350432170876
ARIMA(1, 2, 2)x(1, 1, 0, 12)	3118.6162861763605
ARIMA(1, 0, 2)x(2, 2, 0, 12)	3118.8813422582025
ARIMA(1, 2, 1)x(1, 0, 0, 12)	3119.6537567191244
ARIMA(2, 0, 0)x(1, 0, 0, 12)	3120.305547177005
ARIMA(1, 1, 0)x(1, 0, 0, 12)	3120.937510808874
ARIMA(0, 0, 2)x(0, 1, 2, 12)	3121.1289496974096
ARIMA(1, 1, 1)x(1, 1, 0, 12)	3121.5954065998276
ARIMA(2, 2, 1)x(2, 2, 0, 12)	3121.6270644917827
ARIMA(2, 1, 0)x(2, 2, 0, 12)	3121.842091135767
ARIMA(1, 1, 2)x(1, 1, 0, 12)	3122.0580028896475
ARIMA(2, 2, 0)x(2, 0, 2, 12)	3122.406367624897
ARIMA(2, 2, 0)x(2, 0, 1, 12)	3122.7740900283966
ARIMA(1, 0, 0)x(2, 2, 0, 12)	3123.126792680826
ARIMA(2, 2, 2)x(2, 2, 0, 12)	3123.2824762460905
ARIMA(1, 0, 1)x(0, 0, 1, 12)	3123.5866876544524
ARIMA(0, 0, 2)x(2, 2, 1, 12)	3123.7932225380923
ARIMA(1, 1, 0)x(1, 1, 0, 12)	3123.8236834305853
ARIMA(2, 1, 0)x(0, 0, 1, 12)	3123.916517497544
ARIMA(1, 1, 0)x(0, 0, 1, 12)	3123.9368682897334
ARIMA(0, 1, 0)x(0, 0, 1, 12)	3124.282282342487
ARIMA(2, 1, 2)x(0, 2, 1, 12)	3124.8387330525165
ARIMA(1, 2, 1)x(1, 1, 0, 12)	3126.2426389951374
ARIMA(1, 0, 1)x(1, 0, 0, 12)	3126.33266199022
ARIMA(1, 0, 0)x(1, 0, 0, 12)	3126.4859956724385
ARIMA(0, 1, 0)x(1, 0, 0, 12)	3126.839339729907
ARIMA(0, 1, 1)x(1, 0, 0, 12)	3126.9084993259708
ARIMA(1, 0, 2)x(1, 0, 0, 12)	3127.0304335768933
ARIMA(0, 1, 2)x(1, 0, 0, 12)	3127.2747051263623
ARIMA(0, 1, 2)x(1, 1, 0, 12)	3128.0904653736616
ARIMA(0, 2, 2)x(1, 0, 0, 12)	3128.6951227467357
ARIMA(0, 2, 1)x(1, 0, 0, 12)	3128.760665508415
ARIMA(1, 0, 2)x(0, 2, 1, 12)	3129.77529537316
ARIMA(2, 0, 0)x(0, 0, 1, 12)	3130.0666580277243
ARIMA(2, 0, 2)x(0, 2, 1, 12)	3130.368351187295
ARIMA(1, 0, 0)x(0, 0, 1, 12)	3130.634980339101
ARIMA(0, 1, 1)x(1, 1, 0, 12)	3131.0011414110704
ARIMA(1, 2, 1)x(2, 2, 0, 12)	3131.8104518029213
ARIMA(1, 1, 1)x(2, 2, 0, 12)	3132.1174011180383
ARIMA(0, 2, 2)x(1, 1, 0, 12)	3132.498692110352
ARIMA(0, 1, 0)x(1, 1, 0, 12)	3132.6144386282617
ARIMA(1, 1, 2)x(2, 2, 0, 12)	3132.728888507061
ARIMA(1, 1, 0)x(2, 2, 0, 12)	3133.647032207131
ARIMA(0, 2, 1)x(1, 1, 0, 12)	3134.3035818112444
ARIMA(2, 2, 0)x(2, 0, 0, 12)	3135.393316300187
ARIMA(1, 0, 1)x(0, 2, 1, 12)	3135.644210911297
ARIMA(2, 2, 0)x(1, 0, 2, 12)	3136.243560369543
ARIMA(2, 0, 1)x(0, 2, 1, 12)	3136.473495267721
ARIMA(0, 1, 2)x(0, 2, 1, 12)	3137.100484354647
ARIMA(0, 2, 0)x(0, 2, 2, 12)	3137.2642017866137
ARIMA(0, 1, 2)x(2, 2, 0, 12)	3138.126378722435
ARIMA(1, 1, 2)x(0, 2, 1, 12)	3138.892554373544
ARIMA(0, 2, 0)x(2, 2, 2, 12)	3139.1576267562905
ARIMA(0, 2, 0)x(1, 2, 2, 12)	3139.2031134122135
ARIMA(0, 1, 1)x(2, 2, 0, 12)	3140.380382697443
ARIMA(0, 2, 2)x(2, 2, 0, 12)	3141.3045649524574
ARIMA(0, 1, 0)x(2, 2, 0, 12)	3141.3756845460857
ARIMA(0, 2, 1)x(2, 2, 0, 12)	3142.4690103282956
ARIMA(1, 2, 2)x(0, 2, 1, 12)	3142.9966003434815
ARIMA(0, 2, 2)x(0, 2, 1, 12)	3143.916887925123
ARIMA(2, 2, 2)x(0, 2, 1, 12)	3145.534645747892
ARIMA(0, 0, 2)x(2, 1, 1, 12)	3145.835677192283
ARIMA(2, 0, 0)x(0, 2, 1, 12)	3147.3795185919653
ARIMA(1, 1, 1)x(0, 2, 1, 12)	3147.4037352149194
ARIMA(0, 1, 1)x(0, 2, 1, 12)	3149.5359846379224
ARIMA(2, 2, 0)x(0, 0, 2, 12)	3149.800250706069
ARIMA(1, 0, 0)x(0, 2, 1, 12)	3149.964856420671
ARIMA(2, 1, 1)x(0, 2, 1, 12)	3150.2034808852422
ARIMA(2, 2, 0)x(1, 1, 1, 12)	3150.4461473524525
ARIMA(0, 2, 1)x(0, 2, 1, 12)	3150.778696149406
ARIMA(2, 2, 1)x(0, 2, 1, 12)	3152.1231430255784
ARIMA(1, 2, 1)x(0, 2, 1, 12)	3152.251530392079
ARIMA(1, 2, 0)x(2, 1, 0, 12)	3154.5785839510427
ARIMA(0, 1, 0)x(0, 2, 1, 12)	3155.918859262363
ARIMA(1, 1, 0)x(0, 2, 1, 12)	3157.249933076291
ARIMA(2, 1, 0)x(0, 2, 1, 12)	3157.6782644711107
ARIMA(2, 2, 0)x(0, 1, 1, 12)	3159.4059846621676
ARIMA(0, 0, 2)x(2, 1, 0, 12)	3163.9766467524837
ARIMA(0, 2, 0)x(1, 1, 2, 12)	3164.94780813887
ARIMA(0, 2, 0)x(2, 1, 2, 12)	3166.94961091801
ARIMA(0, 2, 0)x(0, 1, 2, 12)	3174.3978779698855
ARIMA(1, 2, 0)x(2, 0, 2, 12)	3180.5280973969075
ARIMA(1, 2, 0)x(2, 0, 1, 12)	3181.3707450967468
ARIMA(0, 2, 0)x(2, 1, 1, 12)	3182.429275069613
ARIMA(0, 2, 0)x(2, 2, 1, 12)	3184.530280545314
ARIMA(1, 2, 0)x(1, 0, 2, 12)	3185.3303037847454
ARIMA(1, 2, 0)x(2, 0, 0, 12)	3191.8158918251825
ARIMA(1, 2, 0)x(0, 0, 2, 12)	3195.4671934059434
ARIMA(2, 2, 0)x(1, 2, 1, 12)	3197.32186749309
ARIMA(1, 2, 0)x(0, 1, 1, 12)	3206.831401715929
ARIMA(1, 2, 0)x(1, 1, 1, 12)	3207.45049975064
ARIMA(1, 1, 2)x(0, 0, 0, 12)	3207.8310538721466
ARIMA(2, 1, 2)x(0, 0, 0, 12)	3209.431981619493
ARIMA(2, 1, 1)x(0, 0, 0, 12)	3215.60242495568
ARIMA(0, 0, 1)x(2, 2, 2, 12)	3217.9329463700233
ARIMA(2, 0, 2)x(0, 0, 0, 12)	3218.8398918507773
ARIMA(0, 0, 2)x(2, 0, 2, 12)	3219.1224348070236
ARIMA(0, 0, 2)x(1, 0, 2, 12)	3221.710854308815
ARIMA(0, 2, 2)x(0, 0, 0, 12)	3223.2621691094446
ARIMA(0, 1, 2)x(0, 0, 0, 12)	3223.3200018011676
ARIMA(0, 2, 0)x(2, 1, 0, 12)	3224.415334492591
ARIMA(1, 2, 2)x(0, 0, 0, 12)	3224.7776141557433
ARIMA(0, 0, 1)x(1, 2, 2, 12)	3225.3867620726533
ARIMA(2, 2, 2)x(0, 0, 0, 12)	3226.756557234752
ARIMA(2, 1, 0)x(0, 0, 0, 12)	3230.7318388704753
ARIMA(0, 1, 1)x(0, 0, 0, 12)	3230.908773697803
ARIMA(1, 2, 1)x(0, 0, 0, 12)	3231.877495972531
ARIMA(2, 2, 1)x(0, 0, 0, 12)	3232.1371520494895
ARIMA(1, 1, 1)x(0, 0, 0, 12)	3232.228208310706
ARIMA(1, 0, 2)x(0, 0, 0, 12)	3232.4147646806596
ARIMA(2, 2, 0)x(2, 2, 0, 12)	3232.5228221983225
ARIMA(2, 2, 0)x(1, 0, 1, 12)	3235.5128905327024
ARIMA(2, 2, 0)x(1, 1, 0, 12)	3235.9144841927164
ARIMA(0, 2, 1)x(0, 0, 0, 12)	3236.24128457359
ARIMA(1, 0, 1)x(0, 0, 0, 12)	3237.675542213548
ARIMA(1, 1, 0)x(0, 0, 0, 12)	3238.0195507213566
ARIMA(2, 0, 0)x(0, 0, 0, 12)	3238.549059130319
ARIMA(2, 0, 1)x(0, 0, 0, 12)	3239.2690525358094
ARIMA(0, 0, 2)x(0, 1, 1, 12)	3240.005836314937
ARIMA(2, 2, 0)x(1, 0, 0, 12)	3241.6658759347483
ARIMA(0, 1, 0)x(0, 0, 0, 12)	3242.098955086344
ARIMA(0, 0, 2)x(1, 1, 1, 12)	3245.54896057029
ARIMA(0, 2, 0)x(2, 0, 2, 12)	3245.7524485577082
ARIMA(1, 0, 0)x(0, 0, 0, 12)	3249.7010733864045
ARIMA(0, 0, 2)x(2, 0, 1, 12)	3250.4953811648456
ARIMA(0, 2, 0)x(2, 0, 1, 12)	3257.446040194292
ARIMA(0, 2, 0)x(1, 0, 2, 12)	3258.3703488803617
ARIMA(0, 0, 1)x(0, 2, 2, 12)	3259.884724721626
ARIMA(0, 0, 1)x(1, 1, 2, 12)	3260.7485909978523
ARIMA(2, 2, 0)x(0, 0, 1, 12)	3260.75034114132
ARIMA(0, 0, 1)x(2, 2, 1, 12)	3261.1522043824575
ARIMA(0, 0, 1)x(2, 1, 2, 12)	3261.881790363569
ARIMA(0, 2, 0)x(0, 0, 2, 12)	3264.0849808598045
ARIMA(1, 2, 0)x(1, 2, 1, 12)	3265.417777114426
ARIMA(0, 2, 0)x(2, 0, 0, 12)	3265.9406586046625
ARIMA(2, 2, 0)x(0, 2, 1, 12)	3268.7321545845634
ARIMA(0, 2, 0)x(0, 1, 1, 12)	3269.003589945567
ARIMA(0, 2, 0)x(1, 1, 1, 12)	3271.000996636306
ARIMA(2, 0, 2)x(0, 1, 0, 12)	3275.2908700761386
ARIMA(2, 1, 2)x(0, 1, 0, 12)	3278.036418369199
ARIMA(0, 0, 1)x(0, 1, 2, 12)	3278.9138093406077
ARIMA(0, 0, 2)x(1, 2, 1, 12)	3281.5674702510255
ARIMA(2, 0, 1)x(0, 1, 0, 12)	3282.738531213975
ARIMA(2, 0, 1)x(1, 2, 0, 12)	3284.9334000196286
ARIMA(2, 0, 2)x(1, 2, 0, 12)	3286.926282775598
ARIMA(1, 2, 0)x(1, 0, 1, 12)	3290.849839532252
ARIMA(1, 2, 2)x(0, 1, 0, 12)	3291.691057678069
ARIMA(2, 2, 2)x(0, 1, 0, 12)	3292.697570922815
ARIMA(1, 1, 2)x(0, 1, 0, 12)	3292.932800721989
ARIMA(1, 0, 2)x(0, 1, 0, 12)	3293.470815107205
ARIMA(1, 2, 0)x(1, 0, 0, 12)	3296.284802592101
ARIMA(1, 2, 0)x(0, 0, 1, 12)	3298.9144319704656
ARIMA(0, 2, 2)x(0, 1, 0, 12)	3299.489775134134
ARIMA(2, 0, 0)x(0, 1, 0, 12)	3299.695671875733
ARIMA(1, 2, 0)x(2, 2, 0, 12)	3299.7343061195197
ARIMA(1, 0, 1)x(0, 1, 0, 12)	3299.763406069057
ARIMA(1, 1, 1)x(0, 1, 0, 12)	3301.01668941304
ARIMA(0, 1, 2)x(0, 1, 0, 12)	3301.557561451498
ARIMA(0, 0, 1)x(2, 1, 1, 12)	3303.2779047153745
ARIMA(1, 2, 0)x(1, 1, 0, 12)	3304.8856373650615
ARIMA(0, 0, 1)x(2, 1, 0, 12)	3306.398906874633
ARIMA(0, 2, 1)x(0, 1, 0, 12)	3306.5243087949093
ARIMA(1, 0, 0)x(0, 1, 0, 12)	3306.7214349302853
ARIMA(1, 2, 1)x(0, 1, 0, 12)	3308.3822519687374
ARIMA(2, 2, 1)x(0, 1, 0, 12)	3309.8765239849454
ARIMA(0, 1, 1)x(0, 1, 0, 12)	3314.0260388439465
ARIMA(0, 0, 2)x(2, 2, 0, 12)	3315.3461093540864
ARIMA(2, 1, 0)x(0, 1, 0, 12)	3315.4912076326177
ARIMA(2, 1, 1)x(1, 2, 0, 12)	3317.413948844357
ARIMA(2, 1, 1)x(0, 1, 0, 12)	3317.4502183332716
ARIMA(2, 2, 2)x(1, 2, 0, 12)	3319.5344850252845
ARIMA(0, 1, 0)x(0, 1, 0, 12)	3320.8753081468376
ARIMA(2, 1, 2)x(1, 2, 0, 12)	3321.166428576894
ARIMA(1, 1, 0)x(0, 1, 0, 12)	3322.853808863356
ARIMA(1, 1, 1)x(1, 2, 0, 12)	3322.986531638603
ARIMA(2, 0, 0)x(1, 2, 0, 12)	3323.068571913548
ARIMA(0, 0, 2)x(0, 2, 1, 12)	3324.338106226881
ARIMA(1, 1, 2)x(1, 2, 0, 12)	3324.6297920993156
ARIMA(1, 2, 2)x(1, 2, 0, 12)	3325.415130935159
ARIMA(1, 2, 0)x(0, 2, 1, 12)	3330.2563008713405
ARIMA(0, 2, 0)x(1, 2, 1, 12)	3332.8075351071693
ARIMA(1, 0, 1)x(1, 2, 0, 12)	3335.014357767367
ARIMA(2, 1, 0)x(1, 2, 0, 12)	3335.278357487765
ARIMA(0, 0, 2)x(2, 0, 0, 12)	3335.6102436292267
ARIMA(1, 0, 2)x(1, 2, 0, 12)	3336.9124166936435
ARIMA(1, 0, 0)x(1, 2, 0, 12)	3337.554277588472
ARIMA(2, 2, 1)x(1, 2, 0, 12)	3338.3253444201328
ARIMA(0, 0, 2)x(1, 0, 1, 12)	3338.697811955215
ARIMA(1, 1, 0)x(1, 2, 0, 12)	3341.9920448605562
ARIMA(1, 2, 1)x(1, 2, 0, 12)	3345.8175452571013
ARIMA(0, 0, 2)x(1, 1, 0, 12)	3346.6606695699497
ARIMA(0, 1, 0)x(1, 2, 0, 12)	3353.5465150665254
ARIMA(0, 1, 1)x(1, 2, 0, 12)	3354.0724400629792
ARIMA(0, 2, 1)x(1, 2, 0, 12)	3354.4707868749906
ARIMA(0, 1, 2)x(1, 2, 0, 12)	3354.5624380532036
ARIMA(0, 2, 2)x(1, 2, 0, 12)	3354.869096744728
ARIMA(0, 2, 0)x(1, 0, 1, 12)	3364.9691176700535
ARIMA(2, 2, 0)x(0, 0, 0, 12)	3376.2807736311306
ARIMA(0, 2, 0)x(2, 2, 0, 12)	3377.369611992674
ARIMA(0, 2, 0)x(1, 1, 0, 12)	3381.637465706546
ARIMA(0, 2, 0)x(0, 0, 1, 12)	3382.262453419212
ARIMA(0, 2, 0)x(1, 0, 0, 12)	3391.24325173654
ARIMA(0, 0, 1)x(1, 0, 2, 12)	3394.3273659415636
ARIMA(0, 0, 1)x(2, 0, 2, 12)	3395.797464470064
ARIMA(0, 0, 1)x(2, 0, 1, 12)	3415.108523065214
ARIMA(1, 2, 0)x(0, 0, 0, 12)	3415.168291313121
ARIMA(0, 2, 0)x(0, 2, 1, 12)	3419.129553808434
ARIMA(0, 0, 1)x(1, 1, 1, 12)	3419.8968629617384
ARIMA(2, 2, 0)x(0, 1, 0, 12)	3428.6226235971235
ARIMA(0, 0, 1)x(0, 1, 1, 12)	3437.510391334834
ARIMA(2, 2, 0)x(1, 2, 0, 12)	3439.62811855793
ARIMA(0, 0, 1)x(1, 2, 1, 12)	3448.6403864113868
ARIMA(0, 0, 1)x(2, 2, 0, 12)	3450.343613101989
ARIMA(0, 0, 1)x(0, 2, 1, 12)	3471.850883935819
ARIMA(0, 0, 2)x(0, 1, 0, 12)	3485.56038592655
ARIMA(0, 2, 0)x(0, 0, 0, 12)	3489.375316347265
ARIMA(0, 0, 2)x(1, 0, 0, 12)	3493.0740854591813
ARIMA(1, 2, 0)x(0, 1, 0, 12)	3499.1652803898396
ARIMA(0, 0, 1)x(2, 0, 0, 12)	3500.624315684314
ARIMA(1, 2, 0)x(1, 2, 0, 12)	3509.7039192027073
ARIMA(0, 0, 1)x(1, 1, 0, 12)	3510.360810890014
ARIMA(0, 0, 1)x(1, 0, 1, 12)	3529.0896711509035
ARIMA(0, 0, 2)x(1, 2, 0, 12)	3557.728475533308
ARIMA(0, 0, 0)x(2, 2, 2, 12)	3563.0123015631793
ARIMA(2, 0, 2)x(0, 2, 0, 12)	3594.286895923472
ARIMA(0, 2, 0)x(1, 2, 0, 12)	3605.203872780815
ARIMA(2, 0, 1)x(0, 2, 0, 12)	3605.5938647336257
ARIMA(0, 0, 0)x(2, 2, 1, 12)	3606.6454312752257
ARIMA(0, 2, 0)x(0, 1, 0, 12)	3610.2639869239997
ARIMA(2, 1, 2)x(0, 2, 0, 12)	3615.241411350363
ARIMA(2, 2, 2)x(0, 2, 0, 12)	3622.5870140002303
ARIMA(1, 2, 2)x(0, 2, 0, 12)	3624.346644908393
ARIMA(1, 1, 2)x(0, 2, 0, 12)	3626.3730620500914
ARIMA(2, 1, 1)x(0, 2, 0, 12)	3635.7160789148384
ARIMA(1, 1, 1)x(0, 2, 0, 12)	3638.257550679707
ARIMA(0, 0, 0)x(1, 1, 2, 12)	3639.9056059492
ARIMA(1, 0, 2)x(0, 2, 0, 12)	3640.3073901980647
ARIMA(0, 0, 0)x(0, 2, 2, 12)	3641.7692105091082
ARIMA(0, 0, 1)x(0, 1, 0, 12)	3642.3145952193813
ARIMA(0, 0, 0)x(2, 1, 2, 12)	3643.995638367555
ARIMA(0, 0, 1)x(1, 0, 0, 12)	3646.214755837098
ARIMA(2, 0, 0)x(0, 2, 0, 12)	3649.367118541066
ARIMA(1, 0, 1)x(0, 2, 0, 12)	3649.416917194815
ARIMA(0, 2, 2)x(0, 2, 0, 12)	3649.9395243720724
ARIMA(0, 1, 2)x(0, 2, 0, 12)	3654.5405867195655
ARIMA(1, 0, 0)x(0, 2, 0, 12)	3655.611156805107
ARIMA(0, 2, 1)x(0, 2, 0, 12)	3657.7553445939857
ARIMA(0, 0, 0)x(2, 1, 1, 12)	3658.0167956070454
ARIMA(0, 0, 0)x(0, 1, 2, 12)	3659.5364264969216
ARIMA(1, 2, 1)x(0, 2, 0, 12)	3659.6585401952707
ARIMA(2, 2, 1)x(0, 2, 0, 12)	3661.5039221664074
ARIMA(0, 1, 1)x(0, 2, 0, 12)	3662.909476034841
ARIMA(0, 0, 0)x(2, 1, 0, 12)	3664.117250411774
ARIMA(2, 1, 0)x(0, 2, 0, 12)	3664.733116642543
ARIMA(0, 0, 2)x(0, 0, 2, 12)	3665.236611228926
ARIMA(0, 1, 0)x(0, 2, 0, 12)	3671.602180173807
ARIMA(1, 1, 0)x(0, 2, 0, 12)	3673.395364456058
ARIMA(0, 0, 0)x(1, 2, 2, 12)	3679.1081077779154
ARIMA(0, 0, 1)x(1, 2, 0, 12)	3702.3999501114768
ARIMA(2, 2, 0)x(0, 2, 0, 12)	3768.771187502386
ARIMA(0, 0, 0)x(1, 0, 2, 12)	3789.1995222835244
ARIMA(0, 0, 0)x(2, 0, 2, 12)	3789.902469247859
ARIMA(0, 0, 0)x(2, 2, 0, 12)	3792.8405060037
ARIMA(0, 0, 0)x(2, 0, 1, 12)	3798.1832008710207
ARIMA(0, 0, 2)x(0, 2, 0, 12)	3807.7339568457396
ARIMA(0, 0, 0)x(1, 2, 1, 12)	3835.467500585843
ARIMA(0, 0, 0)x(1, 1, 1, 12)	3835.8431559513915
ARIMA(0, 0, 0)x(0, 1, 1, 12)	3842.8629979589928
ARIMA(1, 2, 0)x(0, 2, 0, 12)	3844.4140412110823
ARIMA(0, 0, 0)x(0, 2, 1, 12)	3848.239629241969
ARIMA(0, 0, 2)x(0, 0, 1, 12)	3883.035866795747
ARIMA(0, 0, 1)x(0, 0, 2, 12)	3885.1544175273866
ARIMA(0, 0, 0)x(2, 0, 0, 12)	3893.8924646486867
ARIMA(0, 0, 0)x(1, 1, 0, 12)	3903.130592964814
ARIMA(0, 0, 0)x(1, 0, 1, 12)	3942.212081447518
ARIMA(0, 0, 1)x(0, 2, 0, 12)	3960.405668409656
ARIMA(0, 2, 0)x(0, 2, 0, 12)	3965.1338066754297
ARIMA(0, 0, 0)x(1, 0, 0, 12)	4020.923843821969
ARIMA(0, 0, 0)x(0, 1, 0, 12)	4022.1254517284838
ARIMA(0, 0, 0)x(1, 2, 0, 12)	4078.287188523328
ARIMA(0, 0, 1)x(0, 0, 1, 12)	4141.590606319952
ARIMA(0, 0, 2)x(0, 0, 0, 12)	4264.183089821684
ARIMA(0, 0, 0)x(0, 2, 0, 12)	4296.108416666649
ARIMA(0, 0, 0)x(0, 0, 2, 12)	4330.547034243624
ARIMA(0, 0, 0)x(0, 0, 1, 12)	4657.451499918446
ARIMA(0, 0, 1)x(0, 0, 0, 12)	4669.560017562711
ARIMA(0, 0, 0)x(0, 0, 0, 12)	5243.963764416924
