ARIMA(2, 1, 1)	3231.797806159476
ARIMA(1, 0, 1)	3240.117825932588
ARIMA(2, 0, 0)	3240.6409119875557
ARIMA(1, 0, 2)	3242.1166999471693
ARIMA(2, 0, 1)	3242.117287994107
ARIMA(2, 1, 0)	3245.768705089677
ARIMA(0, 1, 1)	3245.984854644142
ARIMA(1, 1, 0)	3246.835375393801
ARIMA(0, 1, 2)	3246.8989620321854
ARIMA(2, 2, 1)	3247.5710479728277
ARIMA(1, 1, 1)	3247.598634554319
ARIMA(0, 2, 2)	3247.6283406471352
ARIMA(1, 2, 1)	3248.474086618735
ARIMA(1, 0, 0)	3248.6049567268583
ARIMA(2, 2, 2)	3250.5261730859092
ARIMA(0, 1, 0)	3250.9146281101657
ARIMA(0, 2, 1)	3252.788671186705
ARIMA(2, 2, 0)	3392.8258807222437
ARIMA(1, 2, 0)	3424.2408233414435
ARIMA(0, 2, 0)	3498.452366669558
ARIMA(0, 0, 1)	3786.523791993069
ARIMA(0, 0, 0)	4242.404045719499
ARIMA(1, 2, 2)	1e+18
ARIMA(2, 0, 2)	1e+18
ARIMA(0, 0, 2)	1e+18
ARIMA(2, 1, 2)	1e+18
ARIMA(1, 1, 2)	1e+18
